getgenv().LoadLibrary = function(lib) return loadstring(game:HttpGet("https://raw.githubusercontent.com/Roblox/Core-Scripts/master/CoreScriptsRoot/Libraries/" .. lib .. ".lua"))() end
local Player = game.Players.LocalPlayer
local Mouse = Player:GetMouse()
local chara = Player.Character
local Humanoid = chara:FindFirstChildOfClass("Humanoid")
local LeftArm = chara["Left Arm"]
local RightArm = chara["Right Arm"]
local LeftLeg = chara["Left Leg"]
local RightLeg = chara["Right Leg"]
local Head = chara.Head
local Torso = chara.Torso
local Camera = workspace.CurrentCamera
local RootPart = chara.HumanoidRootPart
local RootJoint = RootPart.RootJoint
local attack = false
local Anim = 'Idle'
local attacktype = 1
local delays = false
local play = true
local targetted = nil
local Torsovelocity = (RootPart.Velocity * Vector3.new(1, 0, 1)).magnitude 
local velocity = RootPart.Velocity.y
local sine = 0
local change = 1
local doe = 0
local Create = LoadLibrary("RbxUtility").Create
local debby = game:GetService("Debris")
Humanoid.WalkSpeed = 16

Humanoid.Animator.Parent = nil
chara.Animate.Parent = nil

local newMotor = function(part0, part1, c0, c1)
local w = Create('Motor'){
Parent = part0,
Part0 = part0,
Part1 = part1,
C0 = c0,
C1 = c1,
}
return w
end

function clerp(a, b, t)
return a:lerp(b, t)
end

RootCF = CFrame.fromEulerAnglesXYZ(-1.57, 0, 3.14)
NeckCF = CFrame.new(0, 1, 0, -1, -0, -0, 0, 0, 1, 0, 1, 0)

local RW = newMotor(Torso, RightArm, CFrame.new(1.5, 0, 0), CFrame.new(0, 0, 0)) 
local LW = newMotor(Torso, LeftArm, CFrame.new(-1.5, 0, 0), CFrame.new(0, 0, 0))
local RH = newMotor(Torso, RightLeg, CFrame.new(.5, -2, 0), CFrame.new(0, 0, 0))
local LH = newMotor(Torso, LeftLeg, CFrame.new(-.5, -2, 0), CFrame.new(0, 0, 0))
RootJoint.C1 = CFrame.new(0, 0, 0)
RootJoint.C0 = CFrame.new(0, 0, 0)
Torso.Neck.C1 = CFrame.new(0, 0, 0)
Torso.Neck.C0 = CFrame.new(0, 1.5, 0)

local rarmc1 = RW.C1
local larmc1 = LW.C1
local rlegc1 = RH.C1
local llegc1 = LH.C1

local resetc1 = false

function PlayAnimationFromTable(table, speed, bool)
RootJoint.C0 = clerp(RootJoint.C0, table[1], speed) 
Torso.Neck.C0 = clerp(Torso.Neck.C0, table[2], speed) 
RW.C0 = clerp(RW.C0, table[3], speed) 
LW.C0 = clerp(LW.C0, table[4], speed) 
RH.C0 = clerp(RH.C0, table[5], speed) 
LH.C0 = clerp(LH.C0, table[6], speed) 
if bool == true then
if resetc1 == false then
resetc1 = true
RootJoint.C1 = RootJoint.C1
Torso.Neck.C1 = Torso.Neck.C1
RW.C1 = rarmc1
LW.C1 = larmc1
RH.C1 = rlegc1
LH.C1 = llegc1
end
end
end

ArtificialHB = Instance.new("BindableEvent", script)
ArtificialHB.Name = "Heartbeat"
script:WaitForChild("Heartbeat")
frame = 0.03333333333333
tf = 0
allowframeloss = false
tossremainder = false
lastframe = tick()
script.Heartbeat:Fire()
game:GetService("RunService").Heartbeat:connect(function(s, p)
tf = tf + s
if tf >= frame then
if allowframeloss then
script.Heartbeat:Fire()
lastframe = tick()
else
for i = 1, math.floor(tf / frame) do
script.Heartbeat:Fire()
end
lastframe = tick()
end
if tossremainder then
tf = 0
else
tf = tf - frame * math.floor(tf / frame)
end
end
end)
function swait(num)
if num == 0 or num == nil then
ArtificialHB.Event:wait()
else
for i = 0, num do
ArtificialHB.Event:wait()
end
end
end

function RemoveOutlines(part)
part.TopSurface, part.BottomSurface, part.LeftSurface, part.RightSurface, part.FrontSurface, part.BackSurface = 10, 10, 10, 10, 10, 10
end

function so(id,par,pit,vol)
local sou = Instance.new("Sound", par or workspace)
if par == chara then
sou.Parent = chara.Torso
end
sou.Volume = vol
sou.Pitch = pit or 1
sou.SoundId = "rbxassetid://" .. id
sou.PlayOnRemove = true
sou:Destroy()
end

--This is just for builds--
New = function(Object, Parent, Name, Data)
local Object = Instance.new(Object)
for Index, Value in pairs(Data or {}) do
Object[Index] = Value
end
Object.Parent = Parent
Object.Name = Name
return Object
end
LuvGun = New("Model",chara,"LuvGun",{})
Handle = New("Part",LuvGun,"Handaru",{BrickColor = BrickColor.new("Carnation pink"),Material = Enum.Material.SmoothPlastic,Size = Vector3.new(0.199999809, 1.10000002, 0.50000006),CFrame = CFrame.new(-55.7999725, 3.16094255, -23.6752853, 1, 0, 0, 0, 0.984807849, -0.173647985, 0, 0.173647985, 0.984807849),CanCollide = false,BackSurface = Enum.SurfaceType.SmoothNoOutlines,BottomSurface = Enum.SurfaceType.SmoothNoOutlines,FrontSurface = Enum.SurfaceType.SmoothNoOutlines,LeftSurface = Enum.SurfaceType.SmoothNoOutlines,RightSurface = Enum.SurfaceType.SmoothNoOutlines,TopSurface = Enum.SurfaceType.SmoothNoOutlines,Color = Color3.new(1, 0.596078, 0.862745),})
HWeld = New("ManualWeld",Handle,"HWeld",{Part0 = Handle,Part1 = RightArm,C0 = CFrame.new(0, 0, 0, 1, 0, 0, 0, 0.984807849, 0.173647985, 0, -0.173647985, 0.984807849),C1 = CFrame.new(-0.164215088, -1.07379532, 0.339058399, -1, 0, 0, 0, 0, -1, -0, -1, -0),})
Part = New("Part",LuvGun,"Part",{BrickColor = BrickColor.new("Pink"),Material = Enum.Material.SmoothPlastic,Size = Vector3.new(0.300000012, 0.200000003, 0.100000001),CFrame = CFrame.new(-55.7999687, 4.4999733, -22.25, 1, 0, 0, 0, 1.00000012, -3.87430191e-07, 0, 3.87430191e-07, 1.00000012),CanCollide = false,BackSurface = Enum.SurfaceType.SmoothNoOutlines,BottomSurface = Enum.SurfaceType.SmoothNoOutlines,FrontSurface = Enum.SurfaceType.SmoothNoOutlines,LeftSurface = Enum.SurfaceType.SmoothNoOutlines,RightSurface = Enum.SurfaceType.SmoothNoOutlines,TopSurface = Enum.SurfaceType.SmoothNoOutlines,Color = Color3.new(1, 0.4, 0.8),})
Mesh = New("BlockMesh",Part,"Mesh",{Scale = Vector3.new(0.800000012, 0.5, 0.800000012),})
Weld = New("ManualWeld",Part,"Weld",{Part0 = Part,Part1 = Handle,C0 = CFrame.new(0, 0, 0, 1, 0, 0, 0, 1, 3.7252903e-07, 0, -3.7252903e-07, 1),C1 = CFrame.new(3.81469727e-06, 1.56618547, 1.17111206, 1, 0, 0, 0, 0.984807849, 0.173647985, 0, -0.173647985, 0.984807849),})
Part = New("Part",LuvGun,"Part",{BrickColor = BrickColor.new("Pink"),Material = Enum.Material.SmoothPlastic,Size = Vector3.new(0.300000012, 0.200000003, 0.100000001),CFrame = CFrame.new(-55.7999687, 4.4999733, -22.0499992, 1, 0, 0, 0, 1.00000012, -3.87430191e-07, 0, 3.87430191e-07, 1.00000012),CanCollide = false,BackSurface = Enum.SurfaceType.SmoothNoOutlines,BottomSurface = Enum.SurfaceType.SmoothNoOutlines,FrontSurface = Enum.SurfaceType.SmoothNoOutlines,LeftSurface = Enum.SurfaceType.SmoothNoOutlines,RightSurface = Enum.SurfaceType.SmoothNoOutlines,TopSurface = Enum.SurfaceType.SmoothNoOutlines,Color = Color3.new(1, 0.4, 0.8),})
Mesh = New("BlockMesh",Part,"Mesh",{Scale = Vector3.new(0.800000012, 0.5, 0.800000012),})
Weld = New("ManualWeld",Part,"Weld",{Part0 = Part,Part1 = Handle,C0 = CFrame.new(0, 0, 0, 1, 0, 0, 0, 1, 3.7252903e-07, 0, -3.7252903e-07, 1),C1 = CFrame.new(3.81469727e-06, 1.60091519, 1.36807442, 1, 0, 0, 0, 0.984807849, 0.173647985, 0, -0.173647985, 0.984807849),})
Part = New("Part",LuvGun,"Part",{BrickColor = BrickColor.new("Carnation pink"),Material = Enum.Material.SmoothPlastic,Size = Vector3.new(0.0999994278, 0.600000024, 0.600000024),CFrame = CFrame.new(-55.7999611, 2.34997582, -22.4000015, 0, 0, -1, 1.00000012, 0, 0, 0, -1.00000012, 0),CanCollide = false,BackSurface = Enum.SurfaceType.SmoothNoOutlines,BottomSurface = Enum.SurfaceType.SmoothNoOutlines,FrontSurface = Enum.SurfaceType.SmoothNoOutlines,LeftSurface = Enum.SurfaceType.SmoothNoOutlines,RightSurface = Enum.SurfaceType.SmoothNoOutlines,TopSurface = Enum.SurfaceType.SmoothNoOutlines,Color = Color3.new(1, 0.596078, 0.862745),})
Mesh = New("SpecialMesh",Part,"Mesh",{MeshType = Enum.MeshType.Cylinder,})
Weld = New("ManualWeld",Part,"Weld",{Part0 = Part,Part1 = Handle,C0 = CFrame.new(0, 0, 0, 0, 1, 0, 0, 0, -1, -1, 0, 0),C1 = CFrame.new(1.14440918e-05, -0.577195883, 1.39673233, 1, 0, 0, 0, 0.984807849, 0.173647985, 0, -0.173647985, 0.984807849),})
Part = New("Part",LuvGun,"Part",{BrickColor = BrickColor.new("Pink"),Material = Enum.Material.SmoothPlastic,Size = Vector3.new(0.100000001, 0.700000048, 0.199999988),CFrame = CFrame.new(-55.6999779, 4.59997463, -23.2499962, 1, 0, 0, 0, 0, -1.00000012, 0, 1.00000012, 0),CanCollide = false,BackSurface = Enum.SurfaceType.SmoothNoOutlines,BottomSurface = Enum.SurfaceType.SmoothNoOutlines,FrontSurface = Enum.SurfaceType.SmoothNoOutlines,LeftSurface = Enum.SurfaceType.SmoothNoOutlines,RightSurface = Enum.SurfaceType.SmoothNoOutlines,TopSurface = Enum.SurfaceType.SmoothNoOutlines,Color = Color3.new(1, 0.4, 0.8),})
Mesh = New("SpecialMesh",Part,"Mesh",{MeshType = Enum.MeshType.Wedge,})
Weld = New("ManualWeld",Part,"Weld",{Part0 = Part,Part1 = Handle,C0 = CFrame.new(0, 0, 0, 1, 0, 0, 0, 0, 1, 0, -1, 0),C1 = CFrame.new(0.0999946594, 1.49102044, 0.168943405, 1, 0, 0, 0, 0.984807849, 0.173647985, 0, -0.173647985, 0.984807849),})
Part = New("Part",LuvGun,"Part",{BrickColor = BrickColor.new("Carnation pink"),Material = Enum.Material.SmoothPlastic,Size = Vector3.new(0.100000001, 0.100000001, 0.800000012),CFrame = CFrame.new(-55.849968, 4.39997292, -20.2000103, 0, -1, 0, 0, 0, -1.00000012, 1.00000012, 0, 0),CanCollide = false,BackSurface = Enum.SurfaceType.SmoothNoOutlines,BottomSurface = Enum.SurfaceType.SmoothNoOutlines,FrontSurface = Enum.SurfaceType.SmoothNoOutlines,LeftSurface = Enum.SurfaceType.SmoothNoOutlines,RightSurface = Enum.SurfaceType.SmoothNoOutlines,TopSurface = Enum.SurfaceType.SmoothNoOutlines,Color = Color3.new(1, 0.596078, 0.862745),})
Mesh = New("SpecialMesh",Part,"Mesh",{MeshType = Enum.MeshType.Wedge,})
Weld = New("ManualWeld",Part,"Weld",{Part0 = Part,Part1 = Handle,C0 = CFrame.new(0, 0, 0, 0, 0, 1, -1, 0, 0, 0, -1, 0),C1 = CFrame.new(-0.0499954224, 1.82368135, 3.20732307, 1, 0, 0, 0, 0.984807849, 0.173647985, 0, -0.173647985, 0.984807849),})
Part = New("Part",LuvGun,"Part",{BrickColor = BrickColor.new("Pink"),Material = Enum.Material.SmoothPlastic,Size = Vector3.new(0.100000001, 0.100000001, 0.199999988),CFrame = CFrame.new(-55.7999725, 4.59997463, -23.5499954, 1, 0, 0, 0, 0, -1.00000012, 0, 1.00000012, 0),CanCollide = false,BackSurface = Enum.SurfaceType.SmoothNoOutlines,BottomSurface = Enum.SurfaceType.SmoothNoOutlines,FrontSurface = Enum.SurfaceType.SmoothNoOutlines,LeftSurface = Enum.SurfaceType.SmoothNoOutlines,RightSurface = Enum.SurfaceType.SmoothNoOutlines,TopSurface = Enum.SurfaceType.SmoothNoOutlines,Color = Color3.new(1, 0.4, 0.8),})
Mesh = New("SpecialMesh",Part,"Mesh",{Scale = Vector3.new(0.200000003, 1, 1),MeshType = Enum.MeshType.Wedge,})
Weld = New("ManualWeld",Part,"Weld",{Part0 = Part,Part1 = Handle,C0 = CFrame.new(0, 0, 0, 1, 0, 0, 0, 0, 1, 0, -1, 0),C1 = CFrame.new(0, 1.43892598, -0.126499176, 1, 0, 0, 0, 0.984807849, 0.173647985, 0, -0.173647985, 0.984807849),})
ShotPt = New("Part",LuvGun,"ShotPt",{Transparency = 1,Material = Enum.Material.SmoothPlastic,Size = Vector3.new(0.0999983624, 0.100000001, 0.100000001),CFrame = CFrame.new(-55.7999687, 3.84997725, -19.3500118, 0, 0, 1, 0, 1.00000012, 0, -1.00000012, 0, 0),CanCollide = false,BackSurface = Enum.SurfaceType.SmoothNoOutlines,BottomSurface = Enum.SurfaceType.SmoothNoOutlines,FrontSurface = Enum.SurfaceType.SmoothNoOutlines,LeftSurface = Enum.SurfaceType.SmoothNoOutlines,RightSurface = Enum.SurfaceType.SmoothNoOutlines,TopSurface = Enum.SurfaceType.SmoothNoOutlines,})
Weld = New("ManualWeld",ShotPt,"Weld",{Part0 = ShotPt,Part1 = Handle,C0 = CFrame.new(0, 0, 0, 0, 0, -1, 0, 1, 0, 1, 0, 0),C1 = CFrame.new(3.81469727e-06, 1.42964172, 4.13991356, 1, 0, 0, 0, 0.984807849, 0.173647985, 0, -0.173647985, 0.984807849),})
Part = New("Part",LuvGun,"Part",{BrickColor = BrickColor.new("Carnation pink"),Material = Enum.Material.SmoothPlastic,Size = Vector3.new(0.399998486, 0.400000006, 0.100000001),CFrame = CFrame.new(-55.9499664, 3.89997602, -22.4000187, 0, 0, 1, 0, 1.00000012, 0, -1.00000012, 0, 0),CanCollide = false,BackSurface = Enum.SurfaceType.SmoothNoOutlines,BottomSurface = Enum.SurfaceType.SmoothNoOutlines,FrontSurface = Enum.SurfaceType.SmoothNoOutlines,LeftSurface = Enum.SurfaceType.SmoothNoOutlines,RightSurface = Enum.SurfaceType.SmoothNoOutlines,TopSurface = Enum.SurfaceType.SmoothNoOutlines,Color = Color3.new(1, 0.596078, 0.862745),})
Mesh = New("SpecialMesh",Part,"Mesh",{Scale = Vector3.new(1.20000005, 1, 1.20000005),MeshType = Enum.MeshType.Cylinder,})
Weld = New("ManualWeld",Part,"Weld",{Part0 = Part,Part1 = Handle,C0 = CFrame.new(0, 0, 0, 0, 0, -1, 0, 1, 0, 1, 0, 0),C1 = CFrame.new(-0.149993896, 0.949253559, 1.12756157, 1, 0, 0, 0, 0.984807849, 0.173647985, 0, -0.173647985, 0.984807849),})
Part = New("Part",LuvGun,"Part",{BrickColor = BrickColor.new("Lily white"),Material = Enum.Material.SmoothPlastic,Size = Vector3.new(0.599999428, 0.800000072, 0.600000024),CFrame = CFrame.new(-55.7999611, 2.79997706, -22.4000034, -1, 0, 0, 0, 1.00000012, 0, 0, 0, -1.00000012),CanCollide = false,BackSurface = Enum.SurfaceType.SmoothNoOutlines,BottomSurface = Enum.SurfaceType.SmoothNoOutlines,FrontSurface = Enum.SurfaceType.SmoothNoOutlines,LeftSurface = Enum.SurfaceType.SmoothNoOutlines,RightSurface = Enum.SurfaceType.SmoothNoOutlines,TopSurface = Enum.SurfaceType.SmoothNoOutlines,Color = Color3.new(0.929412, 0.917647, 0.917647),})
Mesh = New("CylinderMesh",Part,"Mesh",{})
Weld = New("ManualWeld",Part,"Weld",{Part0 = Part,Part1 = Handle,C0 = CFrame.new(0, 0, 0, -1, 0, 0, 0, 1, 0, 0, 0, -1),C1 = CFrame.new(1.14440918e-05, -0.134031534, 1.31858826, 1, 0, 0, 0, 0.984807849, 0.173647985, 0, -0.173647985, 0.984807849),})
Part = New("Part",LuvGun,"Part",{Transparency = 1,Material = Enum.Material.SmoothPlastic,Size = Vector3.new(0.600000024, 0.5, 0.600000024),CFrame = CFrame.new(-55.7999611, 2.79997706, -22.4000034, -1, 0, 0, 0, 1.00000012, 0, 0, 0, -1.00000012),CanCollide = false,BackSurface = Enum.SurfaceType.SmoothNoOutlines,BottomSurface = Enum.SurfaceType.SmoothNoOutlines,FrontSurface = Enum.SurfaceType.SmoothNoOutlines,LeftSurface = Enum.SurfaceType.SmoothNoOutlines,RightSurface = Enum.SurfaceType.SmoothNoOutlines,TopSurface = Enum.SurfaceType.SmoothNoOutlines,})
Mesh = New("CylinderMesh",Part,"Mesh",{})
Decal = New("Decal",Part,"Decal",{Face = Enum.NormalId.Left,Texture = "rbxassetid://52650427",})
Decal = New("Decal",Part,"Decal",{Face = Enum.NormalId.Right,Texture = "rbxassetid://52650427",})
Weld = New("ManualWeld",Part,"Weld",{Part0 = Part,Part1 = Handle,C0 = CFrame.new(0, 0, 0, -1, 0, 0, 0, 1, 0, 0, 0, -1),C1 = CFrame.new(1.14440918e-05, -0.134031534, 1.31858826, 1, 0, 0, 0, 0.984807849, 0.173647985, 0, -0.173647985, 0.984807849),})
Part = New("Part",LuvGun,"Part",{BrickColor = BrickColor.new("Carnation pink"),Material = Enum.Material.SmoothPlastic,Size = Vector3.new(0.100000001, 0.100000001, 0.800000012),CFrame = CFrame.new(-55.7499695, 4.39997292, -20.2000103, 0, 1, 0, 0, 0, -1.00000012, -1.00000012, 0, 0),CanCollide = false,BackSurface = Enum.SurfaceType.SmoothNoOutlines,BottomSurface = Enum.SurfaceType.SmoothNoOutlines,FrontSurface = Enum.SurfaceType.SmoothNoOutlines,LeftSurface = Enum.SurfaceType.SmoothNoOutlines,RightSurface = Enum.SurfaceType.SmoothNoOutlines,TopSurface = Enum.SurfaceType.SmoothNoOutlines,Color = Color3.new(1, 0.596078, 0.862745),})
Mesh = New("SpecialMesh",Part,"Mesh",{MeshType = Enum.MeshType.Wedge,})
Weld = New("ManualWeld",Part,"Weld",{Part0 = Part,Part1 = Handle,C0 = CFrame.new(0, 0, 0, 0, 0, -1, 1, 0, 0, 0, -1, 0),C1 = CFrame.new(0.0500030518, 1.82368135, 3.20732307, 1, 0, 0, 0, 0.984807849, 0.173647985, 0, -0.173647985, 0.984807849),})
Part = New("Part",LuvGun,"Part",{BrickColor = BrickColor.new("Pink"),Material = Enum.Material.SmoothPlastic,Size = Vector3.new(0.100000001, 0.700000048, 0.199999988),CFrame = CFrame.new(-55.899971, 4.59997463, -23.2499962, 1, 0, 0, 0, 0, -1.00000012, 0, 1.00000012, 0),CanCollide = false,BackSurface = Enum.SurfaceType.SmoothNoOutlines,BottomSurface = Enum.SurfaceType.SmoothNoOutlines,FrontSurface = Enum.SurfaceType.SmoothNoOutlines,LeftSurface = Enum.SurfaceType.SmoothNoOutlines,RightSurface = Enum.SurfaceType.SmoothNoOutlines,TopSurface = Enum.SurfaceType.SmoothNoOutlines,Color = Color3.new(1, 0.4, 0.8),})
Mesh = New("SpecialMesh",Part,"Mesh",{MeshType = Enum.MeshType.Wedge,})
Weld = New("ManualWeld",Part,"Weld",{Part0 = Part,Part1 = Handle,C0 = CFrame.new(0, 0, 0, 1, 0, 0, 0, 0, 1, 0, -1, 0),C1 = CFrame.new(-0.0999984741, 1.49102044, 0.168943405, 1, 0, 0, 0, 0.984807849, 0.173647985, 0, -0.173647985, 0.984807849),})
Part = New("Part",LuvGun,"Part",{BrickColor = BrickColor.new("Carnation pink"),Material = Enum.Material.SmoothPlastic,Size = Vector3.new(0.199999422, 0.400000006, 0.600000024),CFrame = CFrame.new(-55.7999611, 3.39997506, -22.4000015, 0, 0, -1, 1.00000012, 0, 0, 0, -1.00000012, 0),CanCollide = false,BackSurface = Enum.SurfaceType.SmoothNoOutlines,BottomSurface = Enum.SurfaceType.SmoothNoOutlines,FrontSurface = Enum.SurfaceType.SmoothNoOutlines,LeftSurface = Enum.SurfaceType.SmoothNoOutlines,RightSurface = Enum.SurfaceType.SmoothNoOutlines,TopSurface = Enum.SurfaceType.SmoothNoOutlines,Color = Color3.new(1, 0.596078, 0.862745),})
Mesh = New("SpecialMesh",Part,"Mesh",{MeshType = Enum.MeshType.Cylinder,})
Weld = New("ManualWeld",Part,"Weld",{Part0 = Part,Part1 = Handle,C0 = CFrame.new(0, 0, 0, 0, 1, 0, 0, 0, -1, -1, 0, 0),C1 = CFrame.new(1.14440918e-05, 0.456851482, 1.21440125, 1, 0, 0, 0, 0.984807849, 0.173647985, 0, -0.173647985, 0.984807849),})
Part = New("Part",LuvGun,"Part",{BrickColor = BrickColor.new("Carnation pink"),Material = Enum.Material.SmoothPlastic,Size = Vector3.new(0.0999998078, 0.0999998972, 1.70000017),CFrame = CFrame.new(-55.649971, 3.84997725, -24.8499966, 1, 0, 0, 0, 1.00000012, -3.87430191e-07, 0, 3.87430191e-07, 1.00000012),CanCollide = false,BackSurface = Enum.SurfaceType.SmoothNoOutlines,BottomSurface = Enum.SurfaceType.SmoothNoOutlines,FrontSurface = Enum.SurfaceType.SmoothNoOutlines,LeftSurface = Enum.SurfaceType.SmoothNoOutlines,RightSurface = Enum.SurfaceType.SmoothNoOutlines,TopSurface = Enum.SurfaceType.SmoothNoOutlines,Color = Color3.new(1, 0.596078, 0.862745),})
Weld = New("ManualWeld",Part,"Weld",{Part0 = Part,Part1 = Handle,C0 = CFrame.new(0, 0, 0, 1, 0, 0, 0, 1, 3.7252903e-07, 0, -3.7252903e-07, 1),C1 = CFrame.new(0.150001526, 0.474580526, -1.27651405, 1, 0, 0, 0, 0.984807849, 0.173647985, 0, -0.173647985, 0.984807849),})
Part = New("Part",LuvGun,"Part",{BrickColor = BrickColor.new("Pink"),Material = Enum.Material.SmoothPlastic,Size = Vector3.new(3.8999989, 0.400000006, 0.400000006),CFrame = CFrame.new(-55.7999687, 3.89997602, -22.0499992, 0, 0, 1, 0, 1.00000012, 0, -1.00000012, 0, 0),CanCollide = false,BackSurface = Enum.SurfaceType.SmoothNoOutlines,BottomSurface = Enum.SurfaceType.SmoothNoOutlines,FrontSurface = Enum.SurfaceType.SmoothNoOutlines,LeftSurface = Enum.SurfaceType.SmoothNoOutlines,RightSurface = Enum.SurfaceType.SmoothNoOutlines,TopSurface = Enum.SurfaceType.SmoothNoOutlines,Color = Color3.new(1, 0.4, 0.8),})
Mesh = New("SpecialMesh",Part,"Mesh",{MeshType = Enum.MeshType.Cylinder,})
Weld = New("ManualWeld",Part,"Weld",{Part0 = Part,Part1 = Handle,C0 = CFrame.new(0, 0, 0, 0, 0, -1, 0, 1, 0, 1, 0, 0),C1 = CFrame.new(3.81469727e-06, 1.01003361, 1.47226334, 1, 0, 0, 0, 0.984807849, 0.173647985, 0, -0.173647985, 0.984807849),})
Part = New("Part",LuvGun,"Part",{BrickColor = BrickColor.new("Carnation pink"),Material = Enum.Material.SmoothPlastic,Size = Vector3.new(1.90000045, 0.100000001, 0.0999998972),CFrame = CFrame.new(-55.5999718, 3.44997501, -21.1500034, 0, 1, 0, 0, 0, 1.00000012, 1.00000012, 0, 0),CanCollide = false,BackSurface = Enum.SurfaceType.SmoothNoOutlines,BottomSurface = Enum.SurfaceType.SmoothNoOutlines,FrontSurface = Enum.SurfaceType.SmoothNoOutlines,LeftSurface = Enum.SurfaceType.SmoothNoOutlines,RightSurface = Enum.SurfaceType.SmoothNoOutlines,TopSurface = Enum.SurfaceType.SmoothNoOutlines,Color = Color3.new(1, 0.596078, 0.862745),})
Mesh = New("SpecialMesh",Part,"Mesh",{MeshType = Enum.MeshType.Wedge,})
Weld = New("ManualWeld",Part,"Weld",{Part0 = Part,Part1 = Handle,C0 = CFrame.new(0, 0, 0, 0, 0, 1, 1, 0, 0, 0, 1, 0),C1 = CFrame.new(0.200000763, 0.723151445, 2.43672752, 1, 0, 0, 0, 0.984807849, 0.173647985, 0, -0.173647985, 0.984807849),})
Part = New("Part",LuvGun,"Part",{BrickColor = BrickColor.new("Carnation pink"),Material = Enum.Material.SmoothPlastic,Size = Vector3.new(0.0999998078, 0.0999998972, 0.100000001),CFrame = CFrame.new(-55.9499664, 3.84997725, -25.7500038, 1, 0, 0, 0, 1.00000012, -3.87430191e-07, 0, 3.87430191e-07, 1.00000012),CanCollide = false,BackSurface = Enum.SurfaceType.SmoothNoOutlines,BottomSurface = Enum.SurfaceType.SmoothNoOutlines,FrontSurface = Enum.SurfaceType.SmoothNoOutlines,LeftSurface = Enum.SurfaceType.SmoothNoOutlines,RightSurface = Enum.SurfaceType.SmoothNoOutlines,TopSurface = Enum.SurfaceType.SmoothNoOutlines,Color = Color3.new(1, 0.596078, 0.862745),})
Mesh = New("SpecialMesh",Part,"Mesh",{MeshType = Enum.MeshType.Wedge,})
Weld = New("ManualWeld",Part,"Weld",{Part0 = Part,Part1 = Handle,C0 = CFrame.new(0, 0, 0, 1, 0, 0, 0, 1, 3.7252903e-07, 0, -3.7252903e-07, 1),C1 = CFrame.new(-0.149993896, 0.318296194, -2.16284752, 1, 0, 0, 0, 0.984807849, 0.173647985, 0, -0.173647985, 0.984807849),})
Part = New("Part",LuvGun,"Part",{BrickColor = BrickColor.new("Carnation pink"),Material = Enum.Material.SmoothPlastic,Size = Vector3.new(0.300000012, 0.100000001, 1.89999998),CFrame = CFrame.new(-55.7999687, 3.44997501, -21.1500034, 1, 0, 0, 0, 1.00000012, -3.87430191e-07, 0, 3.87430191e-07, 1.00000012),CanCollide = false,BackSurface = Enum.SurfaceType.SmoothNoOutlines,BottomSurface = Enum.SurfaceType.SmoothNoOutlines,FrontSurface = Enum.SurfaceType.SmoothNoOutlines,LeftSurface = Enum.SurfaceType.SmoothNoOutlines,RightSurface = Enum.SurfaceType.SmoothNoOutlines,TopSurface = Enum.SurfaceType.SmoothNoOutlines,Color = Color3.new(1, 0.596078, 0.862745),})
Weld = New("ManualWeld",Part,"Weld",{Part0 = Part,Part1 = Handle,C0 = CFrame.new(0, 0, 0, 1, 0, 0, 0, 1, 3.7252903e-07, 0, -3.7252903e-07, 1),C1 = CFrame.new(3.81469727e-06, 0.723151445, 2.43672752, 1, 0, 0, 0, 0.984807849, 0.173647985, 0, -0.173647985, 0.984807849),})
Part = New("Part",LuvGun,"Part",{BrickColor = BrickColor.new("Carnation pink"),Material = Enum.Material.SmoothPlastic,Size = Vector3.new(0.0999998078, 0.499999911, 0.100000001),CFrame = CFrame.new(-55.9499664, 3.54997826, -25.7500038, 1, 0, 0, 0, 1.00000012, -3.87430191e-07, 0, 3.87430191e-07, 1.00000012),CanCollide = false,BackSurface = Enum.SurfaceType.SmoothNoOutlines,BottomSurface = Enum.SurfaceType.SmoothNoOutlines,FrontSurface = Enum.SurfaceType.SmoothNoOutlines,LeftSurface = Enum.SurfaceType.SmoothNoOutlines,RightSurface = Enum.SurfaceType.SmoothNoOutlines,TopSurface = Enum.SurfaceType.SmoothNoOutlines,Color = Color3.new(1, 0.596078, 0.862745),})
Weld = New("ManualWeld",Part,"Weld",{Part0 = Part,Part1 = Handle,C0 = CFrame.new(0, 0, 0, 1, 0, 0, 0, 1, 3.7252903e-07, 0, -3.7252903e-07, 1),C1 = CFrame.new(-0.149993896, 0.022854805, -2.11075401, 1, 0, 0, 0, 0.984807849, 0.173647985, 0, -0.173647985, 0.984807849),})
Part = New("Part",LuvGun,"Part",{BrickColor = BrickColor.new("Carnation pink"),Material = Enum.Material.SmoothPlastic,Size = Vector3.new(0.0999994278, 0.600000024, 0.600000024),CFrame = CFrame.new(-55.7999611, 3.24997807, -22.4000015, 0, 0, -1, 1.00000012, 0, 0, 0, -1.00000012, 0),CanCollide = false,BackSurface = Enum.SurfaceType.SmoothNoOutlines,BottomSurface = Enum.SurfaceType.SmoothNoOutlines,FrontSurface = Enum.SurfaceType.SmoothNoOutlines,LeftSurface = Enum.SurfaceType.SmoothNoOutlines,RightSurface = Enum.SurfaceType.SmoothNoOutlines,TopSurface = Enum.SurfaceType.SmoothNoOutlines,Color = Color3.new(1, 0.596078, 0.862745),})
Mesh = New("SpecialMesh",Part,"Mesh",{MeshType = Enum.MeshType.Cylinder,})
Weld = New("ManualWeld",Part,"Weld",{Part0 = Part,Part1 = Handle,C0 = CFrame.new(0, 0, 0, 0, 1, 0, 0, 0, -1, -1, 0, 0),C1 = CFrame.new(1.14440918e-05, 0.309133291, 1.240448, 1, 0, 0, 0, 0.984807849, 0.173647985, 0, -0.173647985, 0.984807849),})
Part = New("Part",LuvGun,"Part",{BrickColor = BrickColor.new("Carnation pink"),Material = Enum.Material.SmoothPlastic,Size = Vector3.new(0.0999998078, 0.0999998972, 0.100000001),CFrame = CFrame.new(-55.9499664, 3.24997902, -25.7500019, 0, 0, -1, 0, -1.00000012, -0, -1.00000012, 0, 0),CanCollide = false,BackSurface = Enum.SurfaceType.SmoothNoOutlines,BottomSurface = Enum.SurfaceType.SmoothNoOutlines,FrontSurface = Enum.SurfaceType.SmoothNoOutlines,LeftSurface = Enum.SurfaceType.SmoothNoOutlines,RightSurface = Enum.SurfaceType.SmoothNoOutlines,TopSurface = Enum.SurfaceType.SmoothNoOutlines,Color = Color3.new(1, 0.596078, 0.862745),})
Mesh = New("SpecialMesh",Part,"Mesh",{MeshType = Enum.MeshType.Wedge,})
Weld = New("ManualWeld",Part,"Weld",{Part0 = Part,Part1 = Handle,C0 = CFrame.new(0, 0, 0, 0, 0, -1, 0, -1, 0, -1, -0, -0),C1 = CFrame.new(-0.149993896, -0.272586584, -2.0586586, 1, 0, 0, 0, 0.984807849, 0.173647985, 0, -0.173647985, 0.984807849),})
Part = New("Part",LuvGun,"Part",{BrickColor = BrickColor.new("Carnation pink"),Material = Enum.Material.SmoothPlastic,Size = Vector3.new(0.0999998078, 0.0999998972, 0.100000001),CFrame = CFrame.new(-55.649971, 3.24997902, -25.7500019, 0, 0, -1, 0, -1.00000012, -0, -1.00000012, 0, 0),CanCollide = false,BackSurface = Enum.SurfaceType.SmoothNoOutlines,BottomSurface = Enum.SurfaceType.SmoothNoOutlines,FrontSurface = Enum.SurfaceType.SmoothNoOutlines,LeftSurface = Enum.SurfaceType.SmoothNoOutlines,RightSurface = Enum.SurfaceType.SmoothNoOutlines,TopSurface = Enum.SurfaceType.SmoothNoOutlines,Color = Color3.new(1, 0.596078, 0.862745),})
Mesh = New("SpecialMesh",Part,"Mesh",{MeshType = Enum.MeshType.Wedge,})
Weld = New("ManualWeld",Part,"Weld",{Part0 = Part,Part1 = Handle,C0 = CFrame.new(0, 0, 0, 0, 0, -1, 0, -1, 0, -1, -0, -0),C1 = CFrame.new(0.150001526, -0.272586584, -2.0586586, 1, 0, 0, 0, 0.984807849, 0.173647985, 0, -0.173647985, 0.984807849),})
Part = New("Part",LuvGun,"Part",{BrickColor = BrickColor.new("Carnation pink"),Material = Enum.Material.SmoothPlastic,Size = Vector3.new(0.399998367, 0.300000012, 0.400000006),CFrame = CFrame.new(-55.7999687, 3.84997725, -19.6000099, 0, 0, 1, 0, 1.00000012, 0, -1.00000012, 0, 0),CanCollide = false,BackSurface = Enum.SurfaceType.SmoothNoOutlines,BottomSurface = Enum.SurfaceType.SmoothNoOutlines,FrontSurface = Enum.SurfaceType.SmoothNoOutlines,LeftSurface = Enum.SurfaceType.SmoothNoOutlines,RightSurface = Enum.SurfaceType.SmoothNoOutlines,TopSurface = Enum.SurfaceType.SmoothNoOutlines,Color = Color3.new(1, 0.596078, 0.862745),})
Mesh = New("SpecialMesh",Part,"Mesh",{Scale = Vector3.new(1, 1.20000005, 1),MeshType = Enum.MeshType.Cylinder,})
Weld = New("ManualWeld",Part,"Weld",{Part0 = Part,Part1 = Handle,C0 = CFrame.new(0, 0, 0, 0, 0, -1, 0, 1, 0, 1, 0, 0),C1 = CFrame.new(3.81469727e-06, 1.38622999, 3.893713, 1, 0, 0, 0, 0.984807849, 0.173647985, 0, -0.173647985, 0.984807849),})
Part = New("Part",LuvGun,"Part",{BrickColor = BrickColor.new("Pink"),Material = Enum.Material.SmoothPlastic,Size = Vector3.new(0.299998373, 0.300000012, 0.400000006),CFrame = CFrame.new(-55.7999687, 3.84997702, -19.9500103, 0, 0, 1, 0, 1.00000012, 0, -1.00000012, 0, 0),CanCollide = false,BackSurface = Enum.SurfaceType.SmoothNoOutlines,BottomSurface = Enum.SurfaceType.SmoothNoOutlines,FrontSurface = Enum.SurfaceType.SmoothNoOutlines,LeftSurface = Enum.SurfaceType.SmoothNoOutlines,RightSurface = Enum.SurfaceType.SmoothNoOutlines,TopSurface = Enum.SurfaceType.SmoothNoOutlines,Color = Color3.new(1, 0.4, 0.8),})
Mesh = New("SpecialMesh",Part,"Mesh",{MeshType = Enum.MeshType.Cylinder,})
Weld = New("ManualWeld",Part,"Weld",{Part0 = Part,Part1 = Handle,C0 = CFrame.new(0, 0, 0, 0, 0, -1, 0, 1, 0, 1, 0, 0),C1 = CFrame.new(3.81469727e-06, 1.3254528, 3.5490303, 1, 0, 0, 0, 0.984807849, 0.173647985, 0, -0.173647985, 0.984807849),})
Part = New("Part",LuvGun,"Part",{BrickColor = BrickColor.new("Carnation pink"),Material = Enum.Material.SmoothPlastic,Size = Vector3.new(0.0999998078, 0.499999911, 0.100000001),CFrame = CFrame.new(-55.649971, 3.54997826, -25.7500038, 1, 0, 0, 0, 1.00000012, -3.87430191e-07, 0, 3.87430191e-07, 1.00000012),CanCollide = false,BackSurface = Enum.SurfaceType.SmoothNoOutlines,BottomSurface = Enum.SurfaceType.SmoothNoOutlines,FrontSurface = Enum.SurfaceType.SmoothNoOutlines,LeftSurface = Enum.SurfaceType.SmoothNoOutlines,RightSurface = Enum.SurfaceType.SmoothNoOutlines,TopSurface = Enum.SurfaceType.SmoothNoOutlines,Color = Color3.new(1, 0.596078, 0.862745),})
Weld = New("ManualWeld",Part,"Weld",{Part0 = Part,Part1 = Handle,C0 = CFrame.new(0, 0, 0, 1, 0, 0, 0, 1, 3.7252903e-07, 0, -3.7252903e-07, 1),C1 = CFrame.new(0.150001526, 0.022854805, -2.11075401, 1, 0, 0, 0, 0.984807849, 0.173647985, 0, -0.173647985, 0.984807849),})
Part = New("Part",LuvGun,"Part",{BrickColor = BrickColor.new("Carnation pink"),Material = Enum.Material.SmoothPlastic,Size = Vector3.new(0.100000001, 0.399999976, 0.100000001),CFrame = CFrame.new(-55.7999687, 3.39394569, -22.9842033, 1, 0, 0, 0, 0.939692855, 0.342019945, 0, -0.342019945, 0.939692855),CanCollide = false,BackSurface = Enum.SurfaceType.SmoothNoOutlines,BottomSurface = Enum.SurfaceType.SmoothNoOutlines,FrontSurface = Enum.SurfaceType.SmoothNoOutlines,LeftSurface = Enum.SurfaceType.SmoothNoOutlines,RightSurface = Enum.SurfaceType.SmoothNoOutlines,TopSurface = Enum.SurfaceType.SmoothNoOutlines,Color = Color3.new(1, 0.596078, 0.862745),})
Weld = New("ManualWeld",Part,"Weld",{Part0 = Part,Part1 = Handle,C0 = CFrame.new(0, 0, 0, 1, 0, 0, 0, 0.939692736, -0.342019916, 0, 0.342019886, 0.939692736),C1 = CFrame.new(3.81469727e-06, 0.349468231, 0.64012146, 1, 0, 0, 0, 0.984807849, 0.173647985, 0, -0.173647985, 0.984807849),})
Part = New("Part",LuvGun,"Part",{BrickColor = BrickColor.new("Really black"),Material = Enum.Material.SmoothPlastic,Size = Vector3.new(0.0999983624, 0.300000012, 0.400000006),CFrame = CFrame.new(-55.7999687, 3.84997654, -19.4500065, 0, 0, 1, 0, 1.00000012, 0, -1.00000012, 0, 0),CanCollide = false,BackSurface = Enum.SurfaceType.SmoothNoOutlines,BottomSurface = Enum.SurfaceType.SmoothNoOutlines,FrontSurface = Enum.SurfaceType.SmoothNoOutlines,LeftSurface = Enum.SurfaceType.SmoothNoOutlines,RightSurface = Enum.SurfaceType.SmoothNoOutlines,TopSurface = Enum.SurfaceType.SmoothNoOutlines,Color = Color3.new(0.0666667, 0.0666667, 0.0666667),})
Mesh = New("SpecialMesh",Part,"Mesh",{Scale = Vector3.new(1.10000002, 1, 1),MeshType = Enum.MeshType.Cylinder,})
Weld = New("ManualWeld",Part,"Weld",{Part0 = Part,Part1 = Handle,C0 = CFrame.new(0, 0, 0, 0, 0, -1, 0, 1, 0, 1, 0, 0),C1 = CFrame.new(3.81469727e-06, 1.41227698, 4.04143715, 1, 0, 0, 0, 0.984807849, 0.173647985, 0, -0.173647985, 0.984807849),})
Part = New("Part",LuvGun,"Part",{BrickColor = BrickColor.new("Carnation pink"),Material = Enum.Material.SmoothPlastic,Size = Vector3.new(0.100000001, 0.5, 0.100000001),CFrame = CFrame.new(-55.7999687, 3.24997902, -23.2000008, -1, 0, 0, 0, 0, 1.00000012, 0, 1.00000012, 0),CanCollide = false,BackSurface = Enum.SurfaceType.SmoothNoOutlines,BottomSurface = Enum.SurfaceType.SmoothNoOutlines,FrontSurface = Enum.SurfaceType.SmoothNoOutlines,LeftSurface = Enum.SurfaceType.SmoothNoOutlines,RightSurface = Enum.SurfaceType.SmoothNoOutlines,TopSurface = Enum.SurfaceType.SmoothNoOutlines,Color = Color3.new(1, 0.596078, 0.862745),})
Weld = New("ManualWeld",Part,"Weld",{Part0 = Part,Part1 = Handle,C0 = CFrame.new(0, 0, 0, -1, 0, 0, 0, 0, 1, 0, 1, 0),C1 = CFrame.new(3.81469727e-06, 0.170215845, 0.452602386, 1, 0, 0, 0, 0.984807849, 0.173647985, 0, -0.173647985, 0.984807849),})
Part = New("Part",LuvGun,"Part",{BrickColor = BrickColor.new("Pink"),Material = Enum.Material.SmoothPlastic,Size = Vector3.new(0.399999797, 0.399999917, 3.89999962),CFrame = CFrame.new(-55.7999687, 3.69997907, -22.0500031, 1, 0, 0, 0, 1.00000012, -3.87430191e-07, 0, 3.87430191e-07, 1.00000012),CanCollide = false,BackSurface = Enum.SurfaceType.SmoothNoOutlines,BottomSurface = Enum.SurfaceType.SmoothNoOutlines,FrontSurface = Enum.SurfaceType.SmoothNoOutlines,LeftSurface = Enum.SurfaceType.SmoothNoOutlines,RightSurface = Enum.SurfaceType.SmoothNoOutlines,TopSurface = Enum.SurfaceType.SmoothNoOutlines,Color = Color3.new(1, 0.4, 0.8),})
Weld = New("ManualWeld",Part,"Weld",{Part0 = Part,Part1 = Handle,C0 = CFrame.new(0, 0, 0, 1, 0, 0, 0, 1, 3.7252903e-07, 0, -3.7252903e-07, 1),C1 = CFrame.new(3.81469727e-06, 0.81307435, 1.50698853, 1, 0, 0, 0, 0.984807849, 0.173647985, 0, -0.173647985, 0.984807849),})
Part = New("Part",LuvGun,"Part",{BrickColor = BrickColor.new("Carnation pink"),Material = Enum.Material.SmoothPlastic,Size = Vector3.new(0.199999809, 0.0999999121, 0.100000001),CFrame = CFrame.new(-55.7999687, 3.24997902, -25.7500019, 1, 0, 0, 0, 1.00000012, -3.87430191e-07, 0, 3.87430191e-07, 1.00000012),CanCollide = false,BackSurface = Enum.SurfaceType.SmoothNoOutlines,BottomSurface = Enum.SurfaceType.SmoothNoOutlines,FrontSurface = Enum.SurfaceType.SmoothNoOutlines,LeftSurface = Enum.SurfaceType.SmoothNoOutlines,RightSurface = Enum.SurfaceType.SmoothNoOutlines,TopSurface = Enum.SurfaceType.SmoothNoOutlines,Color = Color3.new(1, 0.596078, 0.862745),})
Weld = New("ManualWeld",Part,"Weld",{Part0 = Part,Part1 = Handle,C0 = CFrame.new(0, 0, 0, 1, 0, 0, 0, 1, 3.7252903e-07, 0, -3.7252903e-07, 1),C1 = CFrame.new(3.81469727e-06, -0.272586584, -2.0586586, 1, 0, 0, 0, 0.984807849, 0.173647985, 0, -0.173647985, 0.984807849),})
Part = New("Part",LuvGun,"Part",{BrickColor = BrickColor.new("Carnation pink"),Material = Enum.Material.SmoothPlastic,Size = Vector3.new(0.0999998078, 0.0999998972, 0.100000001),CFrame = CFrame.new(-55.649971, 3.84997725, -25.7500038, 1, 0, 0, 0, 1.00000012, -3.87430191e-07, 0, 3.87430191e-07, 1.00000012),CanCollide = false,BackSurface = Enum.SurfaceType.SmoothNoOutlines,BottomSurface = Enum.SurfaceType.SmoothNoOutlines,FrontSurface = Enum.SurfaceType.SmoothNoOutlines,LeftSurface = Enum.SurfaceType.SmoothNoOutlines,RightSurface = Enum.SurfaceType.SmoothNoOutlines,TopSurface = Enum.SurfaceType.SmoothNoOutlines,Color = Color3.new(1, 0.596078, 0.862745),})
Mesh = New("SpecialMesh",Part,"Mesh",{MeshType = Enum.MeshType.Wedge,})
Weld = New("ManualWeld",Part,"Weld",{Part0 = Part,Part1 = Handle,C0 = CFrame.new(0, 0, 0, 1, 0, 0, 0, 1, 3.7252903e-07, 0, -3.7252903e-07, 1),C1 = CFrame.new(0.150001526, 0.318296194, -2.16284752, 1, 0, 0, 0, 0.984807849, 0.173647985, 0, -0.173647985, 0.984807849),})
Part = New("Part",LuvGun,"Part",{BrickColor = BrickColor.new("Pink"),Material = Enum.Material.SmoothPlastic,Size = Vector3.new(0.199998379, 0.200000018, 0.400000006),CFrame = CFrame.new(-55.7999687, 3.59997559, -20.0000114, 0, 0, 1, 0, 1.00000012, 0, -1.00000012, 0, 0),CanCollide = false,BackSurface = Enum.SurfaceType.SmoothNoOutlines,BottomSurface = Enum.SurfaceType.SmoothNoOutlines,FrontSurface = Enum.SurfaceType.SmoothNoOutlines,LeftSurface = Enum.SurfaceType.SmoothNoOutlines,RightSurface = Enum.SurfaceType.SmoothNoOutlines,TopSurface = Enum.SurfaceType.SmoothNoOutlines,Color = Color3.new(1, 0.4, 0.8),})
Mesh = New("SpecialMesh",Part,"Mesh",{MeshType = Enum.MeshType.Cylinder,})
Weld = New("ManualWeld",Part,"Weld",{Part0 = Part,Part1 = Handle,C0 = CFrame.new(0, 0, 0, 0, 0, -1, 0, 1, 0, 1, 0, 0),C1 = CFrame.new(3.81469727e-06, 1.07056713, 3.54320145, 1, 0, 0, 0, 0.984807849, 0.173647985, 0, -0.173647985, 0.984807849),})
Part = New("Part",LuvGun,"Part",{BrickColor = BrickColor.new("Carnation pink"),Material = Enum.Material.SmoothPlastic,Size = Vector3.new(0.0999998078, 0.0999998972, 1.70000017),CFrame = CFrame.new(-55.9499702, 3.84997702, -24.8499966, 1, 0, 0, 0, 1, -3.7252903e-07, 0, 3.7252903e-07, 1),CanCollide = false,BackSurface = Enum.SurfaceType.SmoothNoOutlines,BottomSurface = Enum.SurfaceType.SmoothNoOutlines,FrontSurface = Enum.SurfaceType.SmoothNoOutlines,LeftSurface = Enum.SurfaceType.SmoothNoOutlines,RightSurface = Enum.SurfaceType.SmoothNoOutlines,TopSurface = Enum.SurfaceType.SmoothNoOutlines,Color = Color3.new(1, 0.596078, 0.862745),})
Weld = New("ManualWeld",Part,"Weld",{Part0 = Part,Part1 = Handle,C0 = CFrame.new(0, 0, 0, 1, 0, 0, 0, 1, 3.7252903e-07, 0, -3.7252903e-07, 1),C1 = CFrame.new(-0.149997711, 0.474580288, -1.27651405, 1, 0, 0, 0, 0.984807849, 0.173647985, 0, -0.173647985, 0.984807849),})
Part = New("Part",LuvGun,"Part",{BrickColor = BrickColor.new("Carnation pink"),Material = Enum.Material.SmoothPlastic,Size = Vector3.new(0.5, 0.300000012, 1.89999998),CFrame = CFrame.new(-55.7999687, 3.64997578, -21.1500034, 1, 0, 0, 0, 1.00000012, -3.87430191e-07, 0, 3.87430191e-07, 1.00000012),CanCollide = false,BackSurface = Enum.SurfaceType.SmoothNoOutlines,BottomSurface = Enum.SurfaceType.SmoothNoOutlines,FrontSurface = Enum.SurfaceType.SmoothNoOutlines,LeftSurface = Enum.SurfaceType.SmoothNoOutlines,RightSurface = Enum.SurfaceType.SmoothNoOutlines,TopSurface = Enum.SurfaceType.SmoothNoOutlines,Color = Color3.new(1, 0.596078, 0.862745),})
Weld = New("ManualWeld",Part,"Weld",{Part0 = Part,Part1 = Handle,C0 = CFrame.new(0, 0, 0, 1, 0, 0, 0, 1, 3.7252903e-07, 0, -3.7252903e-07, 1),C1 = CFrame.new(3.81469727e-06, 0.920113564, 2.40199661, 1, 0, 0, 0, 0.984807849, 0.173647985, 0, -0.173647985, 0.984807849),})
Part = New("Part",LuvGun,"Part",{BrickColor = BrickColor.new("Pink"),Material = Enum.Material.SmoothPlastic,Size = Vector3.new(0.300000012, 0.5, 0.20000115),CFrame = CFrame.new(-55.7999687, 4.16505194, -21.5144958, 1, 0, 0, 0, 0.939692855, 0.342019945, 0, -0.342019945, 0.939692855),CanCollide = false,BackSurface = Enum.SurfaceType.SmoothNoOutlines,BottomSurface = Enum.SurfaceType.SmoothNoOutlines,FrontSurface = Enum.SurfaceType.SmoothNoOutlines,LeftSurface = Enum.SurfaceType.SmoothNoOutlines,RightSurface = Enum.SurfaceType.SmoothNoOutlines,TopSurface = Enum.SurfaceType.SmoothNoOutlines,Color = Color3.new(1, 0.4, 0.8),})
Weld = New("ManualWeld",Part,"Weld",{Part0 = Part,Part1 = Handle,C0 = CFrame.new(0, 0, 0, 1, 0, 0, 0, 0.939692736, -0.342019916, 0, 0.342019886, 0.939692736),C1 = CFrame.new(3.81469727e-06, 1.36407137, 1.95359993, 1, 0, 0, 0, 0.984807849, 0.173647985, 0, -0.173647985, 0.984807849),})
Part = New("Part",LuvGun,"Part",{BrickColor = BrickColor.new("Pink"),Material = Enum.Material.SmoothPlastic,Size = Vector3.new(0.300000012, 0.200000003, 2.10000134),CFrame = CFrame.new(-55.7999687, 4.39997292, -22.5499954, 1, 0, 0, 0, 1.00000012, -3.87430191e-07, 0, 3.87430191e-07, 1.00000012),CanCollide = false,BackSurface = Enum.SurfaceType.SmoothNoOutlines,BottomSurface = Enum.SurfaceType.SmoothNoOutlines,FrontSurface = Enum.SurfaceType.SmoothNoOutlines,LeftSurface = Enum.SurfaceType.SmoothNoOutlines,RightSurface = Enum.SurfaceType.SmoothNoOutlines,TopSurface = Enum.SurfaceType.SmoothNoOutlines,Color = Color3.new(1, 0.4, 0.8),})
Weld = New("ManualWeld",Part,"Weld",{Part0 = Part,Part1 = Handle,C0 = CFrame.new(0, 0, 0, 1, 0, 0, 0, 1, 3.7252903e-07, 0, -3.7252903e-07, 1),C1 = CFrame.new(3.81469727e-06, 1.41561127, 0.893039703, 1, 0, 0, 0, 0.984807849, 0.173647985, 0, -0.173647985, 0.984807849),})
Part = New("Part",LuvGun,"Part",{BrickColor = BrickColor.new("Pink"),Material = Enum.Material.SmoothPlastic,Size = Vector3.new(0.300000012, 0.300000012, 0.20000115),CFrame = CFrame.new(-55.7999649, 4.14997578, -23.5, 1, 0, 0, 0, 1.00000012, 0, 0, 0, 1.00000012),CanCollide = false,BackSurface = Enum.SurfaceType.SmoothNoOutlines,BottomSurface = Enum.SurfaceType.SmoothNoOutlines,FrontSurface = Enum.SurfaceType.SmoothNoOutlines,LeftSurface = Enum.SurfaceType.SmoothNoOutlines,RightSurface = Enum.SurfaceType.SmoothNoOutlines,TopSurface = Enum.SurfaceType.SmoothNoOutlines,Color = Color3.new(1, 0.4, 0.8),})
Weld = New("ManualWeld",Part,"Weld",{Part0 = Part,Part1 = Handle,C1 = CFrame.new(7.62939453e-06, 1.00444555, 0.00087928772, 1, 0, 0, 0, 0.984807849, 0.173647985, 0, -0.173647985, 0.984807849),})
